$ANSIBLE_VAULT;1.1;AES256
37356237363630303335383135366134353165383732643734313831623663613737656466333237
6161373830646566393062356537363361303333623033310a663032353765363065396662373332
61636162663031666333363566393835656166613437396431646635623130373934333535356231
3236376336653863650a336239343835333531323836373639306335326236616463333632346234
32616231396534343538316334383365663335313262623064356332323832306435653333353033
35316263356333363862373538636335646137363439373763616264386564383030306136306563
32333665643266306232663632393163313732326262343631363638373361303130306638333666
39636561303236313232316162383938613436613237346230383063353035316336656261363138
37613039613034353462313434616164336433356134303862373631633732333731326233646161
65383861643562656131393633323361623766373930316366643939313230653430626234313135
39653639306166313264306463333733376133313461653832386363383134666439383132653066
32373337393365393361333031356666663162356466626633616430336536303730366231393332
31346465346334643965356435363362613863623231626562323930333966623737323062636634
34613165653461396634346263336332636161386639633838663363613531623661356161356630
34303138623566616562643433643232323936346635303337313239646461393232643134353332
38643338633738323039343832323662616334306261336135353330353231643937336331326565
64386463366366633365626634326161643430653531323964333234656338636431336437313333
39386162346461343239393832356563306661363864393233643030303162333430356561356237
32336361323835363033653237306234613430636435396231313261646261333434326362613731
64336539316437646235396566393861626363626239303062626136343131663634653563393461
65396162323030306631383965623736313165643135376334613235643439643766663563333738
66393630343934643133343563343038663230613234643332383763386130326439383262623435
38376232646265613637306533306630303932653364393436373261366131626536383562383566
37306261373235663239313230643832316434373037363932396135616235386638646361316439
32353238363739663038356262653033373631633263643335633734613830653435623763363765
66383764646566323635613037643463396362663362313133303361616562616262303365666237
37623130623634663139376438306333356539313339643330613862343362663361336464376230
35303730396535303231316565643162363234643037353562336666333832643038376535663232
31303536323062333035656636356330373563353133336665393966646331383535343665646631
66386330636161663564313161396264373963363239613933383139663530623331633634623038
32626438613330633734633463396564616231663134303232623061656364363234366437316435
37636138376461323636623131373330313466656363653033653034396530313363383935303231
32333061303539643264306430623663373834383430396431623934623732653966623230656137
36663432313433303336373234333232366664663230333263666461633238643036353865316364
36393863663839346435383736363261616138626537303836663165613736383765653337646237
62386138663330393238373233633237306233663636393231363938353535313064336163633537
38646161653036323039633165333235666435313836356434333063656364326531656138353930
62613433336263336264623061653562633466326465623463333234386433656562363633376663
38323436373138323230303831333163623134613662396238353036313333643563356131653636
34616561346335373235303839663230633661316464613464326265303735383537303638313330
39323431313764313364633962326235336537306166313562613939386433343935323330376336
31313264636337373433363364613237303735303866323436613238656562643135613134313230
35613537376265366533633630393131336536636664373337393861643930353464386136396633
63326333383938316530333464306235396637666530303834373034366237613134336134323565
33643164343866663066666236316266383238623130666161376463666662366633623134613333
64313436336534376435313632343436663436353531636666643437633638343832653130383566
33393635393964653836336635623633393565356266383536646563353433616330656538623133
36343763363937626430366462373961396661656132316661323533396639333537373538303533
61666534353537363736343736643261393462633436643366646332343461623238363563323531
32663439373763653265376534323263663031653561656232643064613031666362663539336661
33353163383263333237366464613463643533393866313262303737373563396339303830643961
63343635393235383965643162353735373739383161663034313338356535376431363235376533
37653836343938656231613865343030303035643432313764653934623130643834653066623962
36613563303565356231653761663033386261666565616361343338376635663762366464333761
33356536386663346164356562626631393166383364633731306361306239643161623466333031
64383034613739363636656539633135363465323039616636303661663764383162353839373334
62643939396134393733373063303538336437653462643034393137356237316433613965633861
66343061306339393037626138336131323563323235336562653765646563623536326164373130
37613831626531396666313866366130373865396130316163346531333237353538323465636161
39353565376537646630383466643334366635656233623133323438613538616135653330313030
62306435383665623637386165373266613563623538333335356336613133643865633039323132
65346538313239326230346134653262646561653734666331636332313136396666653065633066
32333065313130303532303331343066373066646137656332653365343266626665363061623337
65646239643164623465643562613065643937663836393062336465653233653665353065323534
62303238353139356633373031633465333762623430396433303037383230353836636139353064
34373066663638623531356564373730663165653334623963656666353838333439383139666337
31386361646536666331353035303836626335623961653933646239316636643430363862663030
66643838346531326361336139396662343566643866303536353230306133643533353839633639
64313137346162303031643561633161623632663635666266663038356665386331653037646435
37626563376536393534396366666437346536363031613432616337313361666261343831633864
62313561613930646630316334343831613566643233396438343133306662333665383538623939
35343965356532623938643133363338363438633131613337383838613361323866316633363264
39373130633662353163343634616639363363306430633963386533303465663132393161666331
66363538396131623535303438646336636161373931636131303164623733643139636666646239
30383137353264333739333235323735313035343861393631376332313737366565643638303561
32396532313362303961373839316461333632653035363362396231636466336362363434633661
66336463623565316164313061373866346563346337316131616136393361643030323765303663
35646366643836663631316265376633643835383462313062393435366666643461306631316435
35666461613064646339373463333663656262633235636563633537393834336562616235363034
65316638623265656462643964353031636137323061653466383333636431333465386136376265
36333738386336623834323434326530353237323035616239303637653232663634343664383735
35663130666638333266373533346635326666316233623036323734306434386466623563626130
32396131336235643534646463393238386238636332623133376665303538666535663436336634
64306535386435356264303735626436616531373631626136623436386165663037343533333334
65373333373364303466303761313764656133313739633762383633653434373662333732363866
34633136623839303834613231313565376335303264326335343631633431393661653030396538
38386662653631623735643735656462363039306633663433363932313135386161313536383565
61333364353764623761383434353335363162616561303235333732613939376437386337316137
63313866636232653933303561313033613966313234656261343763613836663438343538386564
38613030653739363136313038616465383161633233383137316430636531626364656261393837
39633533303839346439623838353939653666323936323239346130613035376536303665633963
63343135323531333338396437393162353231333066643166646432663965386236666533353665
31303661386135303462626139643232346564613766396338363263363831326361353837313436
31353166343634326166346632613766356433386362363961653432346434333566303365613466
62343265383261333664626561616164313037376536316365353966653730306262613033616333
64323365643337323535343064656335626530613534346330653538656566393536393365613532
39313465396130366631303438376134393034353866313233313930366465303434303338383939
34396164376335323936306664623062343538323066356333313838326233646265396638376461
64306266623135623530633730613631343935663765613763376465623461313530396661643836
31383439663065393061396230326536386230633539333434636334666230313564643633653063
37626530383933306235316132346238303231613431653765356531616466663439393031323137
64376166666263303461333566643566343364653365323930353965373961373166333665313031
38613437306139643336373639373330623033326231643231373738323563373536326438313166
36393833346234356430393365343630626631666330616263366563613730643530353562386462
33343464333232363633653936623633323363656333643064356564306531373634643339636665
34393563626533353762393534383435363063636539333831633464653836356666326336623436
30633063346534363364393030633362313939323336613261646461336461653133353363623563
61303833653733346331623038363166613664393961313134633032386266376537326636373835
33313732303930643933656537313936636238396632623538393130393831336533323234383130
65373235393033666564666536643839306365386336326339303433643238356437653035316537
66643564306666653964383465396430613164303030383238636639356233613136646163643562
36323363333261613034663561343133656130613838346335386163336436396633643736343662
65366639613337363865313962623532653131323037616438346336346165613166613234636465
31396539363263653263343938613064626336363138333663333166336561383766373763343663
33303162663938343566393062316530633030313833343135363937353334623437373131666662
35623563326537386134383266396434653535636334386563386335656538303661393465306133
38623838366264383665303866363233383961643163336630643964626565336164653330626531
61636237643962333135613038373130376332626435353432313564396565653932613464666535
61373564376261396162386537663664613161346137343132323666343965653963653465356135
61333436303032613466366633383364646339303439356639313461353166346162613838346132
32303532386664356535303333303737656330316437666632353432313138313166616137343531
30363139636362303030383866636131353035663034333533656262643166313533366131396561
39303130663562666461386166373235306161303961353361356263336265343231666431383734
31643338393230643561623731363666643762343165633263333830656334353234363234343338
64376131383734346435633337646130353436656463363661376131663835383061646463613965
63393661626338633530653062323537633363343830313538376539373230353562626164623637
62666366616666333437663736653436636263636131663939356564356164366362343362353431
35646237393733363333343566646662336136663238316531653233623736393165666466623139
61376635373862393664633739613539363766303031663030343261323261643936656537383465
36336162373233356363396464316634326663663337643465376330383763646235316566343366
63613164623137636334393937323634383738666137623132633132386236643662613133383563
62646136626138613131313037333065376630356564346561303338366437623837653431333336
39643434646166663538323339313663326638303665356566376232346563363438363231616134
3536666436366663376430663863636437613639353636343434
